nr	bf01	bf02	bf03	bf04	bf05	bf06	bf07	bf08	bf09	bf10	bf11	bf12	bf13	bf14	bf15	bf16	bf17	bf18	bf19	bf20	sex	alter	nation	schule
1	4	2	4	4	4	4	2	4	4	2	5	5	5	4	3	4	5	4	2	3	2	25	1	3
2	5	4	4	4	4	5	4	3	4	3	4	3	5	3	3	5	4	4	3	4	1	25	1	3
3	3	2	2	4	4	4	1	3	4	5	5	5	3	3	3	3	2	3	5	3	2	20	1	3
4	5	5	3	4	5	4	3	4	5	5	3	4	5	4	5	5	5	5	4	3	1	27	1	3
5	3	4	5	5	3	3	4	5	3	5	5	5	3	3	4	3	3	3	4	4	1	22	2	3
6	4	4	1	3	4	4	2	4	5	3	2	1	3	4	5	3	2	3	1	3	2	27	1	3
7	4	4	3	3	4	4	3	4	4	3	3	2	4	3	4	4	4	3	3	3	1	31	3	3
8	3	3	4	4	4	4	4	4	4	4	4	2	4	4	5	3	5	4	4	3	1	25	1	3
9	3	5	5	5	5	3	2	5	4	2	5	2	4	4	5	4	5	5	2	2	1	20	1	3
10	3	3	2	4	3	3	2	4	3	4	4	4	4	4	4	2	4	3	2	3	2	24	1	3
11	2	4	4	4	3	2	4	3	3	4	5	2	3	3	2	3	3	3	4	5	1	24	1	3
12	2	5	3	5	4	3	3	5	4	5	3	4	3	3	4	2	5	3	5	3	1	19	1	3
13	4	5	4	5	4	3	4	5	4	5	5	5	4	4	4	3	5	4	5	4	1	21	1	3
14	4	4	4	2	5	4	4	3	5	2	5	3	3	4	4	4	3	5	2	2	1	26	1	3
15	4	3	3	4	5	5	4	5	5	4	4	2	2	5	5	2	5	5	2	3	2	26	1	3
16	4	4	4	5	3	4	4	5	3	5	5	4	5	3	4	5	5	3	3	3	2	21	1	3
17	3	3	3	4	3	3	4	3	3	4	4	2	3	3	3	4	3	3	2	4	1	20	1	3
18	3	5	3	4	4	2	3	5	4	3	4	1	2	3	3	2	4	3	5	3	1	24	1	3
19	4	4	3	4	4	4	3	4	3	4	4	4	4	3	3	4	4	3	4	3	1	24	1	3
20	5	5	4	5	5	4	5	5	5	3	5	1	4	4	3	3	4	3	1	4	1	23	1	3
21	5	5	3	5	4	5	3	4	4	5	4	3	4	3	3	4	4	4	5	3	1	20	1	3
22	3	4	3	4	3	3	4	4	4	4	4	4	3	4	4	3	4	4	5	3	1	25	1	3
23	3	5	4	4	5	4	4	4	5	5	3	4	4	4	4	3	4	4	5	4	1	21	1	3
24	3	4	3	4	4	4	3	2	4	4	3	4	4	3	3	4	3	4	4	3	1	20	1	3
25	5	5	5	5	3	5	5	3	3	5	5	4	5	3	3	4	5	3	4	4	2	25	1	3
26	4	4	2	4	4	5	2	2	4	4	4	4	3	4	4	2	3	4	5	2	2	24	1	3
27	3	4	3	4	4	2	3	4	3	4	4	2	3	4	4	2	4	3	4	3	2	35	1	3
28	3	4	5	4	4	3	5	4	5	4	5	3	3	4	4	2	4	4	4	5	1	19	1	3
29	3	4	2	4	4	4	2	5	4	4	5	3	3	4	5	3	5	3	4	4	2	24	1	3
30	4	4	4	4	3	4	3	4	3	4	4	4	4	3	3	4	3	4	3	3	1	22	1	3
31	2	2	3	3	5	4	3	2	5	4	3	3	2	4	5	2	3	4	5	4	1	21	1	3
32	5	4	3	5	4	4	2	4	4	3	3	3	4	3	4	4	4	4	4	2	1	20	1	3
33	4	4	4	4	4	4	4	5	4	4	4	1	3	4	4	2	4	4	4	4	1	23	1	3
34	4	4	3	5	4	5	3	4	4	5	3	4	3	3	4	3	4	3	5	3	1	23	1	3
35	4	4	2	3	4	4	2	4	4	4	3	5	4	2	4	4	4	2	4	1	1	20	1	3
36	4	4	3	4	4	4	3	4	4	2	4	2	4	4	4	4	4	3	3	3	1	21	1	3
37	5	5	4	5	5	5	3	5	5	5	5	2	5	5	5	5	5	4	4	3	1	26	1	3
38	2	4	4	4	3	3	5	5	3	3	5	3	3	4	5	3	5	3	4	4	2	22	1	3
39	4	4	2	4	2	4	4	4	2	2	5	2	4	2	4	2	2	4	2	2	1	30	6	3
40	5	5	3	5	3	4	2	4	4	5	4	3	3	2	5	4	5	3	4	2	1	25	1	3
41	3	4	5	4	4	4	4	4	4	4	5	2	4	3	4	4	4	4	3	4	1	26	1	3
42	4	3	3	4	4	5	4	3	4	4	4	5	4	3	3	3	4	4	2	3	1	25	1	3
43	4	4	2	5	4	3	2	4	4	4	2	5	3	4	5	4	3	3	3	2	1	19	7	2
44	5	5	3	4	3	5	3	5	3	5	4	2	3	3	5	3	5	3	2	3	1	21	1	3
45	2	2	3	4	4	2	3	4	3	4	4	3	3	3	3	3	4	3	3	3	1	23	1	3
46	3	3	4	4	4	3	3	4	4	4	4	5	4	3	3	4	4	3	5	4	1	22	1	3
47	4	4	3	4	3	3	3	4	3	4	4	4	4	3	4	4	4	3	4	2	1	19	1	3
48	3	3	4	4	4	2	3	3	4	4	4	4	2	2	3	2	3	3	4	3	2	30	1	3
49	5	5	5	5	4	3	5	5	4	5	5	4	3	3	5	4	5	3	4	5	1	21	1	3
50	5	5	4	3	4	5	5	5	4	5	5	2	5	4	5	5	5	4	5	5	1	21	1	3
51	3	4	4	4	4	4	4	4	4	4	5	3	4	3	4	3	4	3	2	4	1	24	1	3
52	3	4	1	2	5	4	1	4	5	3	3	2	4	4	4	4	4	4	1	1	1	27	1	3
53	5	4	2	5	2	5	2	5	3	5	4	3	5	5	5	5	5	5	5	1	2	40	1	3
54	4	4	3	4	4	3	3	4	4	3	2	3	4	4	4	3	5	4	3	2	2	28	1	3
55	5	4	3	4	4	5	3	3	5	4	4	3	4	4	4	4	4	4	2	3	1	19	1	3
56	4	3	3	1	4	4	3	4	4	1	3	2	3	3	3	3	3	4	4	3	2	21	1	3
57	2	5	3	5	3	3	3	4	3	4	3	3	3	3	5	4	5	4	5	4	1	19	1	3
58	4	5	5	4	5	3	4	4	5	4	5	3	3	5	5	3	4	5	4	4	1	22	1	3
59	3	4	1	4	3	4	2	4	3	4	2	5	3	4	4	3	4	2	3	2	2	21	1	3
60	3	3	3	3	3	4	2	3	4	3	4	2	4	2	3	4	4	2	3	2	1	21	1	3
61	4	3	1	2	5	5	1	2	5	1	4	1	5	4	4	5	3	4	1	1	2	23	1	3
62	4	3	4	3	4	5	4	5	4	3	4	2	4	4	3	3	4	3	1	2	2	25	1	3
63	5	5	3	5	3	4	3	5	4	4	4	5	4	3	3	5	5	3	4	4	1	18	1	3
64	4	5	5	4	5	3	5	4	5	4	5	3	4	3	4	2	4	3	4	5	1	22	1	3
65	5	5	4	5	4	5	3	5	4	5	4	3	5	3	4	4	5	4	5	2	2	24	1	3
66	2	4	3	5	3	5	3	4	4	5	4	5	4	2	4	3	5	3	5	3	1	21	1	3
67	5	5	3	3	4	5	3	3	4	3	3	3	4	4	4	4	5	5	3	2	2	25	1	3
68	3	4	3	4	4	4	3	3	4	4	3	3	4	3	4	3	4	4	5	3	2	20	1	3
69	3	4	3	5	5	4	3	5	5	5	4	5	5	4	3	5	5	4	3	2	1	21	1	3
70	4	4	4	5	3	4	4	4	3	4	5	5	4	3	4	5	4	3	4	3	1	22	1	3
71	1	3	5	4	4	1	5	2	4	3	5	4	2	4	2	1	2	2	4	4	1	21	1	3
72	5	4	2	4	3	5	2	4	2	4	2	4	5	2	4	4	4	3	4	2	1	21	1	3
73	5	4	4	4	4	4	4	4	4	5	4	2	3	3	5	3	5	3	2	4	2	21	1	3
74	5	3	3	5	4	5	3	2	3	5	4	5	4	3	2	5	3	3	5	1	1	21	1	3
75	5	5	5	5	4	5	4	5	4	5	5	5	5	3	3	5	5	5	5	5	2	28	15	3
76	5	4	4	4	4	5	4	4	4	4	4	4	4	4	4	4	4	4	2	4	1	25	1	3
77	2	2	2	4	4	3	2	2	5	4	2	2	2	4	4	2	3	5	4	3	1	20	1	3
78	4	3	2	3	2	4	2	3	2	4	4	3	3	2	3	3	4	3	5	2	1	23	1	3
79	4	5	4	5	4	5	4	5	4	4	5	3	4	4	5	5	5	4	2	4	1	19	1	3
80	5	5	4	3	4	5	4	4	4	3	5	1	5	3	5	5	5	3	2	4	1	19	1	3
81	4	4	2	2	3	4	3	4	3	2	4	3	3	3	4	2	4	3	2	3	2	22	1	3
82	4	4	3	5	3	5	1	4	3	4	4	5	5	3	4	3	4	3	5	2	2	22	1	3
83	4	3	3	3	4	4	3	3	4	4	3	4	4	4	3	4	4	3	4	3	1	20	1	3
84	5	4	3	4	4	5	3	4	4	4	4	3	4	3	4	3	3	3	4	4	1	24	1	3
85	5	4	4	4	4	5	4	3	4	4	4	5	5	4	4	5	4	4	2	3	1	20	1	3
86	4	3	3	3	4	4	2	3	4	3	3	3	3	3	3	4	4	3	3	4	1	19	1	3
87	2	3	3	2	4	4	3	3	4	3	3	2	4	3	4	4	3	3	1	2	1	21	1	3
88	2	5	3	3	3	5	3	4	3	3	4	3	3	4	5	3	4	3	3	3	2	25	1	3
89	5	4	4	4	4	5	4	4	4	3	5	1	5	3	5	3	5	3	2	4	2	26	1	3
90	5	5	3	5	3	5	3	4	3	4	4	2	4	3	5	4	5	3	4	4	1	28	1	3
91	4	4	2	5	3	4	1	3	3	5	3	4	4	3	5	4	4	3	5	2	1	28	1	3
92	3	3	3	5	3	4	3	3	3	5	4	4	4	3	4	3	4	3	5	3	1	24	1	3
93	2	4	3	4	4	3	3	5	3	4	4	4	3	3	4	3	4	3	4	3	1	24	1	3
94	3	4	4	5	3	3	4	5	4	5	4	1	4	3	4	4	5	3	5	4	2	27	1	3
95	5	4	2	3	2	5	3	2	2	3	2	2	5	2	3	3	2	3	3	2	1	25	1	3
96	4	4	3	2	4	4	3	4	4	2	3	1	4	4	4	3	5	3	3	3	1	18	1	3
97	3	3	2	5	2	3	2	4	2	4	3	4	2	1	5	2	4	1	5	3	1	25	1	3
98	4	4	4	3	4	3	4	4	4	4	5	2	3	3	4	3	4	3	5	4	1	23	1	3
99	2	4	3	4	5	3	3	5	5	3	5	1	4	4	4	3	3	4	3	2	2	31	1	3
100	3	2	3	3	4	4	2	2	4	3	5	3	3	3	3	4	4	3	3	4	1	25	1	3
101	3	5	3	4	4	4	3	4	4	4	4	1	3	3	5	3	5	5	2	3	1	27	1	3
102	4	5	3	4	4	4	3	4	4	4	4	3	4	4	5	4	4	4	5	4	1	18	1	3
103	3	4	5	1	4	4	5	3	4	1	5	2	3	4	4	2	3	4	5	5	2	22	1	3
104	4	3	4	2	4	4	5	2	4	3	5	2	4	4	3	3	4	4	1	5	1	19	1	3
106	2	3	2	4	5	2	2	4	5	4	3	1	3	4	2	2	4	4	4	1	2	22	1	3
107	3	3	2	4	2	3	2	2	2	4	3	3	4	2	4	2	4	2	5	2	1	21	1	3
108	4	5	3	5	3	5	2	4	3	3	3	1	2	3	4	1	5	2	3	2	1	22	1	3
109	5	4	4	5	4	5	4	5	4	5	5	5	5	5	3	5	5	5	3	4	1	27	1	3
110	4	3	4	5	4	3	3	4	3	4	4	4	2	3	3	3	4	3	4	3	1	20	1	3
111	5	5	5	5	5	4	4	5	5	5	5	5	5	4	5	5	4	4	4	4	1	21	1	3
112	5	4	2	5	3	4	3	4	3	4	3	4	4	3	3	2	4	3	5	2	1	25	1	3
113	5	4	4	2	4	5	4	4	4	3	5	2	5	4	4	5	4	4	3	4	1	21	1	3
114	4	5	2	4	4	4	2	5	4	3	3	4	2	4	5	3	5	4	5	3	2	30	1	3
115	3	5	3	4	3	4	3	5	3	5	4	2	3	3	5	2	5	3	2	3	1	22	1	3
116	5	3	5	3	5	4	5	4	5	4	5	2	3	4	3	2	4	4	1	5	1	18	1	3
117	2	4	3	4	4	2	4	4	4	4	5	3	3	4	4	3	4	4	4	4	1	27	1	3
118	5	3	2	5	4	3	2	3	4	5	4	5	5	4	3	5	5	4	5	2	1	20	1	3
119	4	3	5	5	4	4	5	5	3	5	5	4	3	4	4	2	5	4	2	4	2	20	1	3
120	2	2	5	5	4	2	5	4	4	5	4	3	4	2	3	2	3	4	5	5	2	27	1	3
121	5	5	2	5	3	5	2	4	2	5	4	4	5	4	5	4	5	3	5	3	1	19	1	3
122	2	5	2	5	4	4	1	3	4	5	2	2	5	3	3	5	5	3	4	3	1	23	1	3
123	5	3	4	4	3	4	3	2	4	4	3	3	5	3	3	4	3	3	2	2	2	24	1	3
124	4	4	4	3	4	3	4	4	4	4	5	2	4	3	3	4	4	3	2	3	1	22	4	3
125	3	2	4	5	4	3	4	2	4	5	4	5	3	2	3	4	2	2	5	3	1	24	1	3
126	2	5	3	4	5	4	2	5	5	4	5	3	4	5	5	4	5	4	3	5	1	23	1	3
127	4	2	1	5	3	4	4	5	4	5	5	5	4	4	4	4	4	4	5	4	1	22	1	3
128	5	4	5	4	5	5	5	3	5	5	5	3	5	5	3	5	4	3	2	5	1	19	1	3
129	5	4	4	5	3	4	4	4	3	5	5	5	5	3	4	5	4	4	5	4	1	18	1	3
130	5	3	4	5	5	5	5	4	5	5	5	5	5	2	3	5	3	4	4	5	1	19	1	3
131	3	3	3	4	5	3	2	2	5	3	4	4	4	5	3	4	3	5	4	2	2	22	1	3
132	3	2	4	3	4	4	3	3	4	5	4	4	3	4	3	3	4	4	3	3	1	24	12	3
133	3	5	4	5	3	4	4	3	3	5	4	5	4	5	5	3	4	5	5	4	2	29	1	3
134	3	5	3	2	3	3	3	5	3	1	5	2	3	4	5	4	5	4	3	3	2	28	1	3
135	3	4	3	4	3	4	3	4	3	4	4	5	4	3	4	4	4	3	4	2	2	27	1	3
136	3	4	1	5	3	4	1	5	4	2	3	3	3	4	4	2	4	4	5	2	1	21	1	3
137	4	4	3	4	3	4	3	5	4	4	4	2	5	4	4	4	4	4	4	3	2	28	1	3
138	3	5	5	4	4	4	5	5	4	5	5	2	4	5	5	5	5	3	4	4	1	21	1	3
139	3	5	5	2	4	4	5	5	5	3	4	2	3	4	4	2	5	3	4	4	2	25	1	3
140	4	5	5	2	4	5	5	5	5	4	5	4	4	4	4	4	5	5	1	5	1	40	2	3
141	4	5	4	4	5	3	4	3	5	4	5	2	5	5	5	5	5	5	1	5	1	25	1	3
142	5	3	3	3	4	5	4	4	3	2	4	2	4	4	4	5	5	4	1	4	1	22	1	3
143	3	5	3	5	3	5	2	5	3	5	5	2	4	2	5	3	5	4	5	2	2	27	1	3
144	3	4	4	5	4	4	4	4	4	4	4	3	3	4	4	4	4	4	5	4	1	26	1	3
145	5	5	5	5	4	5	4	5	4	4	5	3	4	3	4	4	5	3	3	4	1	23	1	3
146	4	4	3	2	4	5	3	4	3	3	5	3	4	3	4	3	4	3	2	2	2	21	1	3
147	5	5	4	5	4	4	3	4	4	4	5	2	4	3	4	4	4	3	5	4	1	27	1	3
148	2	1	3	4	5	1	3	2	5	4	5	3	2	4	1	4	3	3	5	3	2	23	1	3
149	2	4	3	2	2	2	3	5	1	4	4	1	2	4	4	4	4	2	4	3	2	22	1	3
150	4	5	3	4	4	4	3	5	4	3	4	3	4	4	5	4	5	4	2	2	1	22	1	3
151	4	5	3	3	4	4	3	4	4	3	4	2	5	5	5	5	5	5	5	3	1	22	1	3
152	5	3	3	3	4	2	1	2	5	2	2	4	4	4	5	3	4	4	5	1	2	23	1	3
153	4	4	5	5	4	2	4	3	5	4	5	3	4	3	4	4	3	2	5	4	1	22	1	3
154	5	5	5	3	4	5	4	4	4	3	5	2	4	4	4	4	4	4	4	4	2	28	1	3
155	3	4	5	4	4	3	4	4	4	3	5	3	4	3	4	4	4	4	4	4	1	22	1	3
156	5	5	3	4	4	5	3	4	4	2	5	1	5	5	4	5	5	4	3	3	1	24	1	3
157	4	5	2	5	3	5	2	4	3	5	3	5	4	3	5	3	5	3	3	2	1	22	1	3
158	4	3	4	3	4	4	4	3	4	3	3	2	4	3	3	3	3	3	4	3	1	21	1	3
159	4	3	4	3	4	3	4	4	4	3	4	2	3	4	3	3	4	4	2	4	2	23	1	3
160	3	5	4	5	4	4	3	4	3	5	4	3	3	3	3	4	4	2	3	3	1	30	1	3
161	3	3	4	3	4	3	4	4	4	3	4	3	3	4	4	2	4	4	3	3	2	33	1	3
162	4	4	2	4	4	5	3	3	4	4	3	4	5	4	3	5	4	4	2	1	1	22	1	3
163	5	5	4	5	4	5	4	3	4	5	4	5	5	4	4	4	4	4	5	4	1	25	1	3
164	5	3	5	2	4	4	4	2	4	2	4	2	4	4	3	4	2	3	1	4	2	30	1	3
165	4	4	3	4	4	4	3	3	4	4	3	2	3	4	4	3	4	4	4	3	1	19	1	3
166	4	4	3	5	4	5	4	5	4	5	3	3	3	3	3	5	5	3	3	3	2	24	1	3
167	5	4	4	4	4	4	4	4	4	4	4	3	2	4	4	5	5	4	4	4	2	22	1	3
168	5	5	5	5	3	4	4	5	3	5	5	2	4	3	5	4	5	3	4	4	1	22	1	3
169	4	5	5	5	4	4	5	5	4	5	5	2	2	3	4	3	5	4	5	4	1	22	1	3
170	5	5	2	5	4	5	2	5	4	5	3	2	4	4	5	3	5	2	2	1	1	26	1	3
171	4	5	3	5	4	5	3	5	4	5	5	2	4	4	5	2	5	4	2	3	1	23	1	3
172	5	5	4	5	2	4	4	4	2	3	5	2	4	2	3	4	5	1	5	3	1	32	1	3
173	5	5	4	5	5	3	3	5	5	5	4	2	5	4	5	3	5	5	2	4	1	24	1	3
174	3	4	4	4	3	4	4	5	4	5	5	3	3	3	4	3	5	4	1	4	2	35	6	-99
175	5	4	3	5	4	5	3	2	4	5	3	3	5	4	3	5	3	4	2	3	1	24	1	3
176	4	4	3	5	3	5	3	5	3	4	5	3	5	4	5	4	4	3	4	3	1	23	1	3
177	4	5	3	5	3	5	3	4	3	5	4	3	4	3	5	5	5	5	5	3	1	22	1	3
178	2	4	5	3	4	2	5	4	4	3	4	3	3	3	4	4	3	4	5	5	1	23	1	3
179	5	5	4	4	5	5	3	5	5	4	3	2	5	3	5	3	5	4	2	1	2	22	1	3
180	4	3	3	4	4	4	2	3	4	4	4	2	4	3	4	4	4	3	3	2	1	20	1	3
181	3	3	5	4	5	3	5	4	5	5	5	4	3	3	2	3	4	4	5	5	1	28	1	3
182	4	3	4	3	2	3	4	3	2	4	5	3	5	2	3	5	3	3	4	4	1	36	1	3
183	5	5	5	4	3	5	4	5	3	4	5	4	5	4	5	5	4	3	3	4	1	22	1	3
184	3	4	2	5	5	4	2	5	4	5	4	3	3	3	4	3	4	3	5	3	1	25	1	3
185	5	4	4	4	4	5	4	3	4	4	4	5	5	5	4	5	5	5	4	4	1	25	18	3
186	3	3	3	5	4	3	3	2	4	5	4	4	4	4	3	4	3	4	4	3	2	23	1	3
188	4	5	3	3	4	5	3	4	4	4	4	3	3	4	3	3	4	4	4	3	1	22	1	3
189	4	3	5	4	4	4	4	5	5	5	5	5	3	4	5	5	5	4	5	3	2	20	15	3
190	4	5	3	5	4	5	2	5	5	5	5	5	4	3	5	4	5	3	4	2	1	25	1	3
191	4	4	4	3	4	4	4	5	4	2	4	2	4	4	5	4	4	4	2	5	1	19	1	3
192	2	4	3	4	3	3	3	4	3	4	4	4	4	4	4	3	5	4	5	3	1	20	1	3
193	4	4	3	4	4	4	3	4	4	3	4	3	4	3	4	4	4	3	5	4	1	33	1	3
194	2	4	5	3	3	3	4	5	3	3	5	2	4	4	4	4	4	3	2	5	1	25	19	3
195	4	5	4	4	5	4	4	4	5	4	4	2	3	4	4	2	5	5	2	4	1	20	1	3
196	4	3	2	5	3	4	2	2	4	5	3	5	4	4	3	4	4	3	4	1	1	22	1	3
197	5	4	3	5	3	3	2	2	3	5	5	5	3	3	4	5	4	3	5	3	1	25	1	3
198	5	4	4	3	4	5	4	4	4	3	4	2	4	3	3	2	4	3	3	4	1	22	1	3
199	3	4	3	4	3	2	3	4	4	3	4	2	3	3	4	4	5	4	4	3	1	23	1	3
200	4	5	5	4	3	4	5	3	3	5	5	4	4	3	4	4	4	3	4	4	1	20	1	3
201	3	2	2	5	5	4	1	3	5	5	1	5	5	3	2	5	3	4	5	4	2	20	1	3
202	5	3	3	4	3	4	4	5	4	3	5	2	3	3	5	2	5	4	5	4	1	27	1	3
203	5	4	5	5	5	5	5	4	5	5	4	4	4	4	4	4	4	5	4	4	1	30	1	3
204	2	3	3	5	5	2	3	5	4	4	5	3	2	4	4	3	5	4	4	3	1	19	1	3
205	4	5	3	4	4	5	3	3	4	2	3	2	4	3	4	4	4	4	3	3	1	24	1	3
206	5	5	5	2	5	5	5	5	5	5	5	1	5	4	5	4	5	4	5	3	1	26	1	3
208	5	4	3	5	3	5	3	5	3	4	4	4	4	3	3	4	4	3	5	4	1	21	1	3
209	5	5	5	5	3	4	5	4	4	2	5	4	5	3	4	4	4	3	1	2	1	24	1	3
210	5	4	3	2	4	5	3	4	4	1	4	1	5	5	5	5	4	4	3	4	2	23	1	3
211	4	5	2	3	4	5	1	4	4	4	4	3	4	3	5	4	3	4	3	2	2	25	1	3
212	3	4	5	4	4	4	5	4	4	5	5	2	3	4	4	2	5	4	4	5	2	23	1	3
213	3	4	4	2	3	5	4	5	3	4	5	5	4	3	5	3	5	3	4	3	2	20	1	3
214	3	5	2	5	3	3	2	5	3	4	4	3	4	4	5	4	4	2	2	2	1	20	1	3
215	2	4	2	4	4	5	2	5	4	4	3	2	2	3	4	3	2	3	5	3	2	22	1	3
216	5	4	2	5	4	4	2	3	4	5	4	4	4	3	4	4	4	4	5	3	1	20	1	3
217	2	4	1	3	4	2	1	1	5	4	4	4	3	3	2	3	3	4	2	4	2	21	1	3
218	3	3	2	4	4	4	3	5	4	4	4	3	3	4	4	3	4	4	2	4	2	23	1	3
219	5	5	2	2	3	5	3	4	3	4	3	1	4	3	3	4	5	3	4	3	2	27	9	3
220	4	5	4	5	5	4	4	5	5	4	5	3	4	4	5	4	5	4	4	5	1	22	1	3
221	4	5	3	2	4	4	3	5	3	4	4	3	3	4	4	3	4	3	3	4	2	23	1	3
222	5	5	5	5	5	5	5	5	5	5	5	2	3	5	5	2	5	4	4	5	1	32	1	3
223	3	4	4	4	4	4	4	4	4	4	4	3	3	3	4	3	4	4	3	4	1	19	1	3
224	3	4	4	4	4	4	3	4	4	5	5	1	3	4	5	3	5	3	1	3	1	23	1	3
225	5	5	4	5	3	4	4	5	3	5	5	5	4	3	4	4	5	4	4	3	1	23	1	3
226	3	4	3	3	3	3	3	4	4	3	4	4	2	4	4	1	4	4	2	3	2	24	1	3
227	4	4	3	5	2	4	3	4	3	5	4	3	2	1	5	2	5	2	5	5	1	22	1	3
229	4	4	3	4	4	4	3	5	4	5	4	3	4	4	4	4	5	4	5	3	1	26	1	3
230	5	4	3	2	4	3	5	4	4	5	4	4	4	3	4	3	4	4	4	3	1	31	15	-99
231	3	4	5	4	4	4	5	4	4	3	5	1	2	4	5	1	4	3	4	5	2	23	1	3
232	5	4	3	5	3	5	3	5	3	4	4	5	3	3	4	3	4	3	5	3	1	21	1	3
233	5	4	3	5	3	5	3	5	3	4	5	2	4	4	4	4	5	4	3	3	1	19	1	3
234	5	4	4	4	5	5	3	3	5	4	5	4	5	5	4	4	5	5	2	4	2	23	1	3
235	5	5	4	5	4	4	4	2	4	4	4	5	5	3	5	5	5	4	3	3	1	24	1	3
236	4	2	3	4	4	5	4	3	3	5	4	5	5	4	4	3	4	3	5	4	2	27	1	3
237	5	4	3	3	4	5	2	3	4	1	4	2	5	4	4	5	4	3	3	2	2	20	1	3
238	4	4	3	4	3	4	3	4	3	4	5	3	3	3	5	3	4	3	3	2	1	27	1	3
239	5	4	2	4	3	4	2	5	3	5	4	1	4	3	5	4	5	3	1	3	1	25	1	3
240	4	4	3	4	5	4	3	4	4	4	5	2	3	4	4	3	3	3	4	3	2	31	1	3
241	4	4	2	2	2	4	2	2	2	2	4	2	4	2	4	4	3	3	2	3	1	24	1	3
242	3	3	4	4	4	3	4	3	4	2	4	3	4	4	4	4	4	3	3	3	1	24	1	3
243	5	4	4	3	4	5	4	3	4	2	5	2	4	4	3	4	4	4	3	4	2	25	1	3
244	3	4	2	3	3	3	2	4	3	3	4	1	3	3	5	2	4	3	4	4	2	25	13	3
246	4	5	4	5	4	5	4	4	4	4	5	4	5	4	5	5	5	4	4	4	2	29	1	3
248	2	5	5	4	2	4	2	5	2	4	3	2	3	2	5	4	4	3	5	3	2	23	1	3
249	3	3	3	5	4	4	4	3	4	5	3	5	4	3	3	3	3	3	3	4	1	24	1	3
250	3	5	4	4	4	4	2	4	4	2	5	2	3	4	4	3	5	4	2	3	2	25	1	3
251	5	2	3	5	3	2	3	5	4	5	3	1	4	3	4	2	5	2	1	3	2	27	1	3
252	5	3	2	3	3	5	2	3	4	1	3	3	4	4	1	5	4	3	2	2	1	23	1	3
253	4	4	5	5	4	4	5	3	4	4	5	4	5	5	3	5	4	5	5	5	1	29	1	3
254	3	4	5	5	4	3	4	3	4	5	5	5	3	3	4	4	4	4	5	4	1	30	1	3
255	5	3	3	4	3	5	3	3	4	2	3	1	5	3	4	3	4	2	4	2	2	27	1	2
256	5	5	5	4	4	5	5	5	4	4	5	3	4	3	5	4	4	3	3	5	2	20	1	3
257	5	5	5	4	3	5	3	2	3	2	4	3	5	3	4	5	4	3	5	3	1	28	1	3
258	3	5	4	4	4	5	4	5	4	5	5	1	3	3	5	2	4	2	5	2	1	22	1	3
259	4	4	2	3	4	4	2	2	4	2	3	5	3	3	4	3	4	3	2	2	1	26	1	3
260	5	2	3	3	5	5	4	1	4	2	4	1	4	4	2	4	2	3	1	4	2	25	1	3
261	4	3	4	5	4	5	3	2	4	5	3	1	5	4	5	3	4	2	1	5	2	27	1	3
262	5	5	4	5	4	5	3	5	4	5	3	5	5	3	5	5	5	4	5	3	1	26	1	3
263	5	5	4	4	4	5	4	4	4	5	4	2	5	4	4	4	5	4	3	4	1	22	1	3
264	5	4	2	4	3	5	2	5	3	4	4	3	3	3	5	2	5	3	4	2	2	25	1	3
265	3	3	3	5	4	3	2	3	4	5	3	5	4	3	4	4	5	3	5	2	2	24	1	3
266	4	5	4	4	4	4	4	3	4	4	5	4	4	3	5	4	4	3	4	4	2	23	1	3
267	3	3	4	5	5	3	4	4	5	4	5	5	3	4	3	2	4	3	5	4	1	22	1	3
268	4	5	4	3	4	5	4	5	3	2	5	1	4	4	5	5	5	4	1	3	1	25	1	3
269	5	3	4	3	3	5	4	3	3	4	5	2	5	4	3	4	4	3	4	4	1	19	1	2
270	4	3	5	4	2	3	4	2	3	4	5	3	4	-99	4	3	4	2	4	5	2	24	1	3
271	5	5	3	5	3	5	2	5	3	4	5	2	5	3	5	5	5	2	5	5	1	28	1	3
272	3	5	4	5	4	4	1	3	3	4	4	4	4	4	2	3	4	4	5	3	2	26	20	3
273	2	3	4	4	4	5	3	5	4	3	4	2	3	3	4	3	5	3	4	4	2	22	1	3
274	3	3	4	4	4	4	4	4	4	2	5	2	3	3	4	2	4	4	1	4	2	24	1	3
275	5	5	5	5	5	5	5	5	4	5	5	2	4	5	5	5	5	5	5	5	1	49	1	1
276	3	4	4	2	3	3	4	2	3	4	5	2	3	4	5	2	4	3	4	4	2	20	1	3
277	5	4	4	4	4	5	4	4	3	3	5	3	4	3	4	5	4	2	5	3	2	28	1	3
278	5	5	4	5	4	5	2	3	3	5	3	5	5	3	5	5	5	3	1	4	2	21	1	3
279	5	4	3	3	2	2	3	5	2	4	4	3	3	4	5	5	5	2	1	2	2	32	15	3
280	5	5	4	5	4	4	4	5	4	2	5	3	4	4	5	4	4	3	5	4	1	26	1	3
281	3	5	4	3	4	4	3	4	4	4	3	4	3	4	5	3	5	4	1	2	2	24	1	3
282	3	5	1	4	1	4	1	4	2	4	3	2	4	3	4	4	4	3	4	3	2	24	1	3
283	2	4	3	4	4	3	3	4	4	4	4	4	4	3	4	3	3	3	4	3	1	19	1	3
284	4	4	4	5	5	4	3	5	5	3	5	2	5	5	5	3	5	5	3	4	2	22	1	3
285	4	4	2	3	3	4	2	4	2	3	3	2	3	2	3	3	4	2	5	2	1	26	1	3
286	3	3	3	5	3	3	2	3	4	4	4	5	4	4	5	4	4	4	5	2	1	33	1	3
287	4	5	3	5	3	5	3	5	3	4	3	3	4	3	4	4	5	3	4	4	1	25	1	3
288	3	3	3	5	3	3	3	3	2	5	3	5	5	3	3	5	4	3	4	3	1	21	22	3
289	4	5	4	4	4	4	4	5	4	4	4	1	4	3	5	4	4	3	5	4	2	28	1	3
290	5	4	4	5	4	5	3	5	4	4	5	3	4	3	5	5	5	4	4	3	1	22	1	3
291	4	5	4	4	4	5	4	5	4	5	4	4	5	4	5	5	5	5	5	4	2	25	1	3
292	2	4	2	4	3	3	1	5	3	3	3	2	2	4	4	3	5	4	2	2	1	22	1	3
293	4	5	4	5	4	5	4	4	4	5	5	2	4	4	5	3	5	4	4	4	1	22	1	3
294	1	3	4	5	4	1	5	2	4	5	5	5	3	4	5	1	3	3	5	5	2	21	1	3
295	3	5	4	4	3	4	4	4	3	3	5	2	4	3	5	3	5	3	3	2	2	24	1	3
296	4	2	1	3	4	5	2	3	4	5	1	3	4	4	3	4	3	3	3	1	2	21	1	3
297	4	3	5	4	3	4	5	3	3	5	3	5	5	4	4	5	4	2	4	5	2	29	1	3
298	4	4	5	5	4	3	4	5	4	5	4	4	4	3	4	3	3	3	2	2	2	23	1	3
299	4	4	3	5	4	5	2	4	4	5	3	4	5	4	3	5	4	3	5	2	1	23	1	3
300	5	4	2	3	3	5	3	5	3	3	3	2	4	4	4	3	5	4	3	3	2	21	1	3
301	4	4	4	3	3	4	4	4	3	4	4	3	2	3	4	3	4	3	2	4	1	22	1	3
302	2	5	2	5	3	5	1	5	3	5	3	5	3	2	5	4	5	3	5	1	2	21	1	3
303	4	5	3	5	4	4	4	5	4	5	4	3	4	3	5	3	4	3	1	3	1	23	1	3
304	4	2	5	2	5	3	4	2	5	3	5	4	3	4	2	4	2	4	1	1	2	24	1	3
305	5	4	4	5	4	5	4	3	4	5	4	3	4	3	2	3	4	2	1	5	1	25	1	3
306	3	5	3	5	5	5	3	5	5	5	5	5	3	5	5	3	5	5	5	3	1	22	1	3
307	4	4	3	5	4	3	3	5	4	5	4	4	3	4	5	3	4	4	5	3	1	19	1	3
308	5	5	4	2	4	5	5	5	5	4	5	3	5	4	5	4	5	5	1	4	1	22	15	3
309	5	5	3	4	4	5	3	5	4	5	3	1	4	4	5	5	5	4	4	3	2	22	1	3
310	4	4	3	4	4	5	3	2	4	4	5	1	5	4	4	4	5	5	3	3	2	22	1	3
311	5	4	4	4	4	5	2	5	5	3	5	4	5	5	5	5	5	4	2	2	1	27	1	3
313	5	4	4	3	4	5	3	3	5	3	3	2	4	4	4	3	3	4	2	3	2	21	1	3
314	4	4	2	3	4	5	2	4	4	2	4	2	5	4	5	5	4	4	3	2	1	21	1	3
315	5	4	3	4	4	4	2	3	4	4	2	5	5	3	2	5	4	3	1	3	1	20	19	3
316	4	5	4	5	4	4	4	3	4	5	4	4	3	4	2	4	4	4	5	4	1	23	1	3
317	4	4	1	5	3	3	1	4	2	5	5	3	4	4	4	3	3	3	5	1	2	22	1	3
319	4	4	4	4	4	4	4	3	4	4	3	5	4	4	4	5	4	3	4	4	1	20	1	3
320	3	4	4	5	4	4	4	4	4	5	4	3	4	3	5	4	5	4	5	4	1	20	1	3
321	4	3	4	5	4	4	4	3	5	5	5	4	5	4	2	4	4	5	3	4	1	20	1	3
322	3	5	3	5	4	4	2	5	4	4	3	3	4	3	5	5	5	4	4	3	1	19	1	3
323	3	2	2	2	4	3	2	2	4	2	2	5	3	4	2	4	4	4	5	2	2	23	1	3
324	3	4	3	4	4	3	3	4	3	2	4	2	3	3	4	3	4	3	2	3	1	20	1	3
325	4	2	3	4	5	4	3	5	5	5	4	2	3	4	5	3	4	5	5	3	2	20	1	3
326	4	5	3	5	5	4	3	5	5	5	4	5	4	2	5	2	5	5	3	3	1	19	1	3
327	2	4	2	5	5	4	3	5	5	5	3	5	4	5	5	5	5	5	5	2	2	21	1	3
328	2	1	3	2	4	2	3	3	4	2	4	3	2	4	3	1	2	3	5	4	2	27	1	3
329	3	4	2	4	4	4	2	2	4	3	2	5	4	3	3	4	3	3	3	3	1	20	1	3
330	4	4	3	3	4	5	3	2	3	4	2	3	4	3	4	3	3	3	4	1	1	34	1	3
331	3	3	2	4	4	5	2	4	4	5	4	5	4	3	3	4	5	3	5	3	1	22	17	3
332	3	3	5	2	3	4	4	5	3	3	5	2	4	2	4	3	3	4	4	4	2	21	24	3
333	4	4	3	5	3	4	2	4	3	4	4	2	5	3	3	5	4	4	3	3	1	22	1	3
334	5	5	4	2	3	5	3	3	3	2	4	1	5	4	4	3	5	3	2	2	2	20	1	3
335	4	5	2	5	4	5	2	4	4	5	3	2	3	4	5	4	4	4	5	2	2	20	1	3
336	4	5	5	5	4	4	5	3	4	5	4	5	4	4	3	3	4	3	4	4	2	22	1	3
337	3	4	2	3	3	5	3	5	3	4	5	4	5	4	5	4	4	4	4	3	2	20	1	3
338	3	4	3	5	4	3	3	4	4	4	4	4	3	3	4	2	4	3	5	3	1	22	1	3
339	2	4	2	5	3	3	2	5	4	5	3	2	1	3	4	1	4	4	5	1	2	29	1	3
340	3	3	4	5	3	4	4	4	3	4	5	4	3	3	4	4	4	3	5	4	2	22	1	3
341	4	5	5	5	5	3	4	5	5	4	2	4	4	5	5	5	5	5	5	4	2	29	1	3
342	4	5	4	4	4	4	3	5	4	4	5	2	4	4	5	5	5	5	1	4	1	26	1	3
344	5	5	4	5	5	5	5	5	5	5	4	2	5	3	5	5	5	5	5	3	1	19	1	3
345	4	5	4	5	3	3	4	4	3	4	5	3	2	4	5	2	5	2	5	2	1	21	1	3
346	4	4	2	5	4	4	1	5	4	4	5	2	4	4	4	5	4	4	5	2	1	22	1	3
347	4	4	4	4	4	4	3	4	3	3	5	2	3	3	4	2	5	3	2	3	1	25	1	3
348	4	4	5	4	4	4	5	4	4	4	4	2	4	4	3	4	4	3	4	4	1	23	1	3
349	4	4	2	4	3	5	2	2	3	4	4	3	3	2	2	4	4	2	1	2	1	20	1	3
350	3	5	4	5	3	4	5	4	3	4	5	2	5	3	5	4	4	4	3	5	1	21	1	3
351	4	5	3	5	3	4	4	5	3	5	4	4	3	3	5	3	5	4	2	3	1	29	1	3
352	5	5	4	4	4	5	4	4	4	2	4	3	5	3	5	4	5	4	2	4	1	21	1	3
353	1	5	3	2	4	5	3	5	4	2	5	2	5	3	5	5	5	4	2	3	1	19	1	3
354	5	5	4	3	5	5	5	4	4	3	4	2	5	4	4	4	5	5	2	5	1	21	1	3
355	3	4	4	5	4	4	4	5	4	5	3	3	4	3	4	3	5	3	2	3	1	22	1	3
356	4	3	2	4	4	5	2	3	4	4	2	4	4	3	4	4	4	3	3	2	2	20	1	3
357	4	3	4	2	3	4	4	4	4	2	4	2	3	4	4	3	3	4	2	4	2	27	1	3
358	3	5	3	5	4	4	2	5	4	4	4	2	4	4	4	3	3	4	4	3	2	22	1	3
359	4	5	2	4	3	5	1	5	3	5	4	2	3	3	5	3	4	3	2	2	1	19	1	3
360	4	4	3	3	3	4	2	4	3	3	3	3	5	3	4	4	4	3	2	3	2	21	1	3
361	3	4	3	4	3	2	2	3	3	5	4	4	4	2	4	3	4	2	5	2	1	22	1	3
362	4	5	4	5	3	5	5	4	4	4	3	2	4	3	4	4	4	3	4	4	1	22	1	3
363	2	3	4	3	3	3	4	3	3	3	4	3	3	3	4	2	4	3	3	4	2	23	1	3
364	5	4	4	5	4	5	4	5	4	5	5	4	5	3	2	4	4	5	3	3	1	21	1	3
365	1	2	2	3	2	5	4	5	3	4	2	3	2	3	3	2	3	2	3	2	2	27	1	3
366	4	4	2	2	3	3	2	4	3	1	5	3	3	4	5	2	5	4	4	2	2	24	1	3
367	4	5	-99	2	-99	-99	-99	4	-99	-99	-99	-99	4	-99	-99	-99	4	-99	-99	-99	2	25	1	3
368	5	4	4	2	4	4	4	4	4	3	4	2	2	3	4	2	3	3	2	4	2	21	10	3
369	3	4	2	2	3	3	2	4	3	4	5	2	2	4	5	2	5	3	2	3	2	25	1	3
370	4	3	3	4	4	4	3	5	4	5	3	2	5	4	5	4	4	3	2	2	2	17	1	2
371	3	4	2	3	4	4	2	4	4	4	3	3	4	4	4	3	4	4	4	2	2	29	1	3
372	3	4	3	4	4	3	3	4	5	4	4	3	4	4	4	4	4	4	4	2	2	26	1	3
373	5	5	4	5	5	5	4	5	4	5	5	3	5	4	5	5	5	5	4	5	1	22	1	3
374	3	4	3	5	4	5	2	3	4	4	5	1	3	3	5	3	5	3	5	4	1	22	1	3
375	4	3	3	4	3	5	5	4	3	5	5	3	5	4	4	4	4	3	5	5	2	24	1	3
376	4	5	2	5	3	4	2	4	3	5	3	4	4	5	5	3	5	4	3	2	2	21	1	2
377	2	3	3	1	4	4	2	4	3	2	3	4	3	5	5	2	5	3	1	2	2	23	1	3
378	4	4	4	4	4	4	5	5	4	4	3	2	4	3	4	2	3	3	3	4	1	23	1	3
379	2	4	4	5	3	3	4	4	3	4	5	3	3	3	5	4	4	4	5	4	1	20	1	3
380	5	4	2	1	3	5	2	3	2	1	4	1	5	3	4	5	5	4	1	2	1	22	10	3
381	2	4	4	2	4	3	4	4	4	3	4	2	3	3	4	3	4	4	3	4	2	24	1	3
382	5	4	2	4	3	4	2	4	3	5	4	4	4	3	4	3	5	3	5	2	1	23	17	3
383	2	4	3	5	5	3	4	4	5	4	4	5	4	5	4	5	5	5	5	4	2	23	1	3
384	5	4	3	4	4	5	4	2	4	2	3	1	5	3	3	5	5	3	5	4	1	20	1	3
385	3	5	5	5	4	3	5	5	4	5	5	2	2	4	3	3	5	1	5	5	1	19	1	3
386	5	4	3	5	4	5	3	4	4	5	5	4	5	3	3	5	5	5	5	5	1	21	1	3
387	5	4	3	5	4	5	4	4	4	5	5	3	4	4	5	5	5	4	2	4	1	26	1	3
388	5	4	3	5	3	4	3	4	3	5	3	5	4	4	4	3	3	3	4	3	1	19	1	3
389	4	4	5	3	4	3	5	4	4	4	4	2	3	3	3	2	4	3	4	4	1	19	1	3
390	4	5	4	4	4	4	4	5	4	1	4	1	5	4	5	4	5	4	2	4	2	21	1	3
391	3	3	5	2	4	3	5	4	4	3	5	1	3	4	4	2	4	4	1	5	1	22	1	3
392	4	4	4	4	4	4	4	4	4	4	5	3	4	4	4	3	4	4	2	4	2	22	1	3
393	3	3	1	4	3	3	2	3	3	4	2	4	4	4	3	4	4	3	4	1	2	25	1	3
394	5	4	3	4	3	5	4	4	3	2	4	2	5	4	2	3	5	3	4	2	2	28	1	3
395	5	4	3	3	3	5	3	4	4	3	3	1	5	4	5	4	5	4	2	2	1	19	1	3
397	4	5	3	4	4	5	3	4	4	5	5	2	4	3	5	3	4	3	2	2	1	19	1	3
398	4	5	4	4	4	5	4	4	4	4	5	4	3	3	4	3	5	3	4	4	1	22	1	3
399	3	4	3	4	3	4	3	3	3	4	4	3	4	3	4	4	4	2	4	3	1	19	1	3
401	3	5	1	4	4	4	1	3	4	5	4	3	2	3	4	2	4	3	2	2	1	22	1	3
402	4	4	3	5	4	4	3	4	4	5	3	5	3	3	4	4	4	3	5	4	1	20	1	3
403	3	4	5	5	4	3	4	5	4	4	5	3	4	4	4	3	5	3	3	4	1	20	1	3
404	5	5	5	5	5	5	4	5	5	5	5	5	5	5	5	5	5	5	5	4	1	21	1	3
405	4	4	4	5	2	4	5	3	3	5	5	4	5	3	4	5	5	4	2	3	1	23	31	3
406	5	4	3	4	4	5	4	3	4	4	4	3	4	4	5	3	4	3	2	2	1	21	1	3
407	5	5	5	5	4	5	4	5	4	5	5	5	4	5	4	4	5	5	5	5	1	19	1	3
408	3	2	4	4	3	4	4	4	3	5	5	5	4	3	4	5	4	4	4	4	1	20	1	3
409	5	5	2	4	4	5	2	5	4	4	5	4	5	4	5	5	5	4	4	2	1	20	1	3
410	4	4	2	5	5	5	2	2	4	5	3	3	5	4	4	5	4	4	4	3	2	21	1	3
411	4	2	1	3	2	5	1	2	2	4	2	5	4	2	3	4	3	2	2	2	1	20	1	3
412	4	3	4	5	5	3	4	3	4	5	4	4	3	3	1	3	3	3	5	3	1	21	1	3
413	4	5	3	5	4	5	2	5	4	5	4	5	4	3	5	3	5	4	3	2	1	20	1	3
414	3	2	4	2	3	3	3	3	4	2	3	3	4	4	3	4	4	4	2	3	1	21	1	3
415	3	4	3	5	3	3	3	4	3	5	5	4	3	3	4	3	4	3	4	3	1	22	1	3
416	5	5	4	5	4	5	3	4	3	5	4	3	4	3	4	4	4	3	4	4	2	26	1	3
417	5	4	3	4	3	3	3	3	4	5	4	2	4	4	4	2	4	4	3	4	2	21	16	3
418	3	4	3	4	4	5	3	5	4	2	3	1	5	3	5	4	5	3	3	3	1	19	1	3
419	4	5	4	5	4	4	5	5	4	2	5	2	4	4	5	4	5	4	2	5	1	25	1	3
420	4	5	4	5	4	3	4	4	4	5	4	2	3	4	5	2	4	3	5	4	1	21	1	3
421	3	4	3	4	3	3	3	3	4	2	4	1	4	3	3	2	4	3	2	2	1	21	1	3
422	3	3	2	4	3	3	3	3	3	4	2	2	2	3	4	3	4	4	4	2	1	21	1	3
423	4	5	2	5	4	3	1	5	4	5	4	4	2	3	5	2	5	3	4	2	1	29	1	3
424	2	3	4	4	3	4	4	3	3	4	5	3	3	3	5	2	5	3	1	4	2	21	1	3
425	5	4	4	3	3	4	4	4	3	2	4	2	5	4	3	3	4	3	1	4	1	20	1	3
426	2	3	2	4	3	5	2	5	3	4	4	5	4	3	4	4	4	3	5	3	1	30	1	3
427	4	3	2	5	5	3	2	2	4	5	2	4	1	3	4	4	4	4	5	3	2	22	17	3
428	4	2	1	5	4	4	1	1	4	4	2	3	5	4	5	1	3	3	5	2	2	23	1	3
429	4	4	3	5	4	4	3	4	4	5	4	2	4	4	3	3	4	5	5	4	1	20	1	3
430	4	4	4	4	4	4	4	3	4	4	4	3	3	3	4	3	4	3	3	4	1	23	1	3
431	4	4	5	4	4	4	5	4	4	3	5	2	4	3	4	4	4	3	3	4	1	36	1	3
432	3	3	5	5	3	3	5	5	3	5	5	2	2	3	4	2	4	3	5	5	1	25	1	3
433	5	3	2	4	5	3	1	3	5	4	2	3	3	5	3	4	3	3	3	3	2	23	28	1
434	4	4	4	4	3	4	4	4	3	3	4	2	4	3	4	3	4	3	3	2	1	20	1	3
435	4	5	4	2	4	5	3	4	4	1	4	1	5	4	4	4	5	4	2	3	1	20	1	3
436	4	4	3	4	4	3	4	2	5	4	3	5	4	4	4	4	3	4	5	3	1	26	1	3
437	5	5	5	3	5	4	5	4	5	3	3	1	5	4	5	5	5	5	2	5	1	22	1	3
439	4	3	2	4	4	4	3	4	4	5	4	3	4	4	3	2	4	2	3	1	2	27	1	3
440	5	5	5	5	5	5	5	3	5	3	5	2	5	4	4	5	4	4	5	5	1	19	1	3
441	3	2	4	4	4	3	4	4	4	4	4	4	3	4	4	4	4	4	4	4	1	24	1	3
442	2	2	1	3	3	5	2	3	3	4	5	5	3	3	3	2	4	3	4	3	2	21	1	3
443	5	4	4	5	4	4	4	4	4	5	5	2	5	3	4	4	4	4	4	5	1	22	1	3
444	3	3	4	4	5	5	4	4	5	4	4	3	4	5	4	4	5	5	4	4	2	21	1	3
445	5	5	3	4	3	5	3	4	4	5	2	1	3	3	4	3	4	3	4	4	1	20	1	3
446	2	4	3	3	4	3	3	4	4	2	5	2	4	4	4	2	3	4	4	2	2	24	1	3
447	3	3	3	5	3	3	3	4	3	4	4	3	2	3	3	2	4	3	4	3	1	26	1	3
448	4	4	2	5	4	4	2	4	4	5	2	4	3	3	4	4	4	4	4	2	1	21	1	3
449	4	4	4	5	4	4	4	5	4	4	5	2	4	3	4	4	4	4	5	4	1	22	1	3
450	3	3	4	4	4	3	3	4	4	4	5	4	3	3	3	4	4	3	3	4	1	22	1	3
451	2	3	3	5	3	4	3	4	3	5	4	3	2	3	4	3	4	2	5	4	2	28	1	3
452	5	5	4	5	4	5	4	5	4	5	5	3	5	4	5	5	5	4	3	4	1	22	1	3
453	4	5	3	5	4	5	3	5	3	5	4	4	3	3	5	3	5	2	5	3	1	21	1	3
455	5	4	4	3	3	5	4	5	4	2	4	5	4	3	3	5	5	5	5	4	1	23	1	3
456	3	4	5	5	4	3	5	4	4	5	5	5	5	4	4	5	4	4	5	5	1	22	1	3
457	3	4	3	4	3	4	4	4	3	4	4	3	4	3	4	3	4	3	4	3	1	21	1	3
458	4	4	3	3	5	5	3	2	5	2	3	5	3	3	2	3	3	4	1	2	1	21	19	3
459	3	4	4	4	4	4	4	4	4	4	4	2	3	4	4	3	4	4	4	4	2	23	1	3
460	5	4	3	3	4	5	3	4	4	3	4	2	4	4	5	4	4	4	2	3	2	21	1	3
461	5	5	5	5	5	5	5	5	5	5	5	3	5	4	5	5	5	5	4	5	1	22	18	3
462	3	2	2	3	5	2	1	2	4	2	3	3	5	4	3	3	2	4	1	2	2	25	1	3
463	3	4	2	4	4	4	4	3	4	5	5	3	3	3	3	4	3	4	3	4	1	22	1	3
464	5	4	3	5	3	5	3	4	3	4	3	5	4	4	4	4	4	3	5	3	1	22	1	3
465	3	4	4	4	4	4	3	3	4	4	4	4	4	3	4	3	4	4	3	2	1	26	1	3
467	2	5	3	5	4	4	3	5	4	5	4	5	4	4	4	5	5	3	5	3	2	28	1	3
470	3	4	3	3	4	5	5	4	4	2	3	4	4	5	4	3	4	4	2	4	2	24	1	3
471	2	4	4	3	3	3	5	3	4	3	2	4	3	3	4	3	4	3	3	4	2	27	1	3
472	3	4	2	3	3	3	3	4	2	4	4	3	4	3	3	3	4	2	4	2	1	25	1	3
474	5	5	4	5	4	5	5	5	4	5	5	5	5	4	5	5	5	5	5	5	1	22	29	3
475	3	4	4	5	4	4	3	4	4	3	3	3	4	5	5	3	4	3	3	4	2	26	1	3
476	3	4	3	4	4	4	3	4	4	3	3	3	4	3	4	4	4	3	3	3	1	32	1	3
477	3	2	2	4	4	2	2	2	4	5	1	5	4	4	3	5	1	4	5	2	2	25	1	3
478	3	4	5	2	4	3	5	3	4	3	5	4	3	3	4	3	4	3	3	4	1	22	1	3
479	4	3	5	3	3	4	4	2	2	2	4	3	4	2	2	3	3	3	4	4	1	23	1	3
480	4	4	3	5	3	3	3	4	3	5	5	4	3	4	4	4	3	2	4	4	1	25	1	3
481	5	5	3	5	4	5	3	5	3	5	4	2	4	3	4	5	4	3	5	3	1	23	1	3
482	5	5	4	3	4	5	3	5	3	2	5	1	5	3	5	3	5	3	2	3	2	24	1	3
483	1	4	3	5	4	2	3	4	4	5	4	4	2	2	4	3	2	3	3	3	2	27	1	3
484	2	4	2	2	4	2	2	1	3	3	3	3	3	3	5	4	5	4	3	1	2	24	1	3
485	3	4	3	4	4	4	3	3	4	4	4	2	3	3	3	2	4	3	4	2	1	25	1	3
486	4	4	3	4	3	4	2	4	4	4	5	3	3	2	4	3	5	3	4	3	2	25	1	3
487	5	5	5	5	3	3	3	5	3	4	4	4	5	3	4	5	5	4	4	5	2	26	1	3
488	5	5	5	5	4	5	5	5	4	5	5	5	5	4	5	5	4	4	4	5	1	22	1	3
489	3	3	4	5	3	3	1	2	3	4	4	5	4	4	2	4	4	5	5	2	2	25	1	3
490	2	4	2	4	3	4	2	4	3	4	4	3	3	4	4	3	4	4	5	2	2	23	1	3
491	5	4	3	4	4	5	3	4	4	4	2	2	5	4	3	5	5	4	2	4	1	19	1	3
492	3	5	4	4	4	3	4	5	4	2	4	1	4	3	4	2	4	3	3	4	1	23	1	3
493	3	5	4	5	3	2	4	4	3	5	3	5	3	3	5	4	2	3	5	4	2	23	1	3
494	4	4	3	3	3	5	3	5	3	2	5	2	5	3	5	2	5	3	1	4	1	24	1	3
495	5	5	4	5	5	5	3	4	5	3	4	2	4	4	5	5	5	3	5	4	1	21	1	3
497	3	2	3	5	3	5	2	5	4	4	3	3	4	4	5	2	5	3	3	2	2	25	1	3
498	3	3	4	2	4	4	2	3	4	3	3	3	3	3	4	2	3	3	3	2	2	31	1	3
499	4	4	4	3	4	5	3	3	4	2	4	2	4	3	3	4	4	4	3	2	1	29	1	3
500	1	3	5	4	4	2	5	4	4	4	4	2	2	4	5	1	4	2	4	4	2	25	1	3
